300.0000305175781   0.0   -7.62939453125e-06   0.0   56.91305160522461   30.089157104492188
299.9014587402344   3.137936592102051   3.1379318237304688   0.5994767546653748   56.1392822265625   29.363304138183594
299.60614013671875   6.2635016441345215   6.263511657714844   1.197638750076294   55.3165283203125   28.684162139892578
299.1152648925781   9.364372253417969   9.364387512207031   1.7931675910949707   54.44670104980469   28.05316162109375
298.4307556152344   12.428322792053223   12.428329467773438   2.3847382068634033   53.53181076049805   27.47163200378418
297.5552978515625   15.443276405334473   15.443275451660156   2.971015214920044   52.57405471801758   26.940706253051758
296.49237060546875   18.397342681884766   18.39733123779297   3.5506491661071777   51.57571792602539   26.46140480041504
295.2461242675781   21.278879165649414   21.27886962890625   4.122274398803711   50.539241790771484   26.034591674804688
293.82147216796875   24.076519012451172   24.076499938964844   4.684503555297852   49.467201232910156   25.661006927490234
292.22406005859375   26.779237747192383   26.77923583984375   5.235926628112793   48.36224365234375   25.341264724731445
290.460205078125   29.376380920410156   29.376380920410156   5.775106430053711   47.22719192504883   25.07583999633789
288.536865234375   31.857704162597656   31.857696533203125   6.300576210021973   46.06494140625   24.865108489990234
286.4615478515625   34.21342468261719   34.21342086791992   6.8108367919921875   44.87847900390625   24.709346771240234
284.242431640625   36.43425369262695   36.434261322021484   7.304354667663574   43.670928955078125   24.608720779418945
281.888427734375   38.511451721191406   38.511444091796875   7.779556751251221   42.445556640625   24.563291549682617
279.40863037109375   40.43680191040039   40.43678283691406   8.234831809997559   41.20563507080078   24.573083877563477
276.8128662109375   42.202735900878906   42.20272445678711   8.668530464172363   39.95463180541992   24.63802146911621
274.1114501953125   43.80228805541992   43.802268981933594   9.078956604003906   38.69613265991211   24.757963180541992
271.3149108886719   45.22914123535156   45.229129791259766   9.464374542236328   37.433773040771484   24.93276023864746
268.4343566894531   46.47768783569336   46.4776611328125   9.823007583618164   36.171424865722656   25.16217041015625
265.4811706542969   47.54297637939453   47.5429573059082   10.153035163879395   34.91305923461914   25.445945739746094
262.4668884277344   48.42082977294922   48.42082595825195   10.452605247497559   33.662784576416016   25.783824920654297
259.4034729003906   49.10778045654297   49.1077880859375   10.719828605651855   32.4249153137207   26.175525665283203
256.3030700683594   49.601139068603516   49.60111999511719   10.952790260314941   31.20397186279297   26.620756149291992
253.1776885986328   49.89891815185547   49.89891052246094   11.149554252624512   30.004596710205078   27.119264602661133
250.03981018066406   49.99998092651367   49.99998474121094   11.308174133300781   28.83175277709961   27.67076301574707
246.90184020996094   49.903926849365234   49.903907775878906   11.426708221435547   27.69061279296875   28.275007247924805
243.77601623535156   49.611106872558594   49.61109924316406   11.503231048583984   26.586559295654297   28.931787490844727
240.67474365234375   49.122703552246094   49.12268829345703   11.535856246948242   25.525291442871094   29.640888214111328
237.61024475097656   48.44062042236328   48.440635681152344   11.52275276184082   24.51275634765625   30.402128219604492
234.5946044921875   47.567569732666016   47.56756591796875   11.462179183959961   23.555213928222656   31.215328216552734
231.63967895507812   46.50697708129883   46.50697326660156   11.352508544921875   22.659133911132812   32.0803108215332
228.75717163085938   45.26302719116211   45.263038635253906   11.192259788513184   21.831321716308594   32.9968376159668
225.95840454101562   43.84062957763672   43.84064483642578   10.98015022277832   21.078750610351562   33.96462631225586
223.25437927246094   42.245384216308594   42.245399475097656   10.71512222290039   20.408615112304688   34.98328399658203
220.65586853027344   40.48359298706055   40.48358154296875   10.396397590637207   19.828224182128906   36.05221939086914
218.1730194091797   38.56218719482422   38.56218719482422   10.023530960083008   19.344886779785156   37.17058563232422
215.81565856933594   36.488746643066406   36.488746643066406   9.596454620361328   18.965858459472656   38.337215423583984
213.59300231933594   34.271446228027344   34.271461486816406   9.115531921386719   18.69812774658203   39.550453186035156
211.51394653320312   31.919034957885742   31.919044494628906   8.581608772277832   18.548309326171875   40.80806350708008
209.58660888671875   29.440776824951172   29.440780639648438   7.996058464050293   18.5223388671875   42.107086181640625
207.81861877441406   26.846450805664062   26.846466064453125   7.3608245849609375   18.625320434570312   43.443668365478516
206.21693420410156   24.14628028869629   24.146286010742188   6.678446292877197   18.86119842529297   44.812965393066406
204.787841796875   21.350908279418945   21.350914001464844   5.952077865600586   19.2325439453125   46.208961486816406
203.53701782226562   18.471364974975586   18.47136688232422   5.185494422912598   19.74028778076172   47.624385833740234
202.46939086914062   15.518998146057129   15.51898193359375   4.383071422576904   20.383514404296875   49.05070495605469
201.589111328125   12.50544261932373   12.505447387695312   3.549755334854126   21.159210205078125   50.478057861328125
200.8997039794922   9.442582130432129   9.442581176757812   2.6910057067871094   22.062294006347656   51.895408630371094
200.4038848876953   6.342498302459717   6.342506408691406   1.8127248287200928   23.085556030273438   53.29069137573242
200.10360717773438   3.2174081802368164   3.2174148559570312   0.9211629629135132   24.219764709472656   54.65111541748047
200.00006103515625   0.07963275909423828   0.0796356201171875   0.0228130966424942   25.453933715820312   55.96345520019531
200.09361267089844   -3.0584564208984375   -3.0584564208984375   -0.8757051229476929   26.775611877441406   57.214500427246094
200.3839569091797   -6.184488296508789   -6.184486389160156   -1.7677693367004395   28.171310424804688   58.39145278930664
200.869873046875   -9.286136627197266   -9.2861328125   -2.6468770503997803   29.62696075439453   59.482398986816406
201.54953002929688   -12.351174354553223   -12.351173400878906   -3.5067622661590576   31.128334045410156   60.47660827636719
202.42019653320312   -15.36751937866211   -15.367515563964844   -4.341504096984863   32.6614990234375   61.364967346191406
203.47840881347656   -18.323270797729492   -18.32324981689453   -5.145617485046387   34.21320724487305   62.14008712768555
204.72003173828125   -21.206787109375   -21.20677947998047   -5.914130210876465   35.77117156982422   62.79651641845703
206.14024353027344   -24.006694793701172   -24.006690979003906   -6.642633438110352   37.32426452636719   63.3306999206543
207.73333740234375   -26.711959838867188   -26.711936950683594   -7.327324867248535   38.862632751464844   63.740962982177734
209.49305725097656   -29.311901092529297   -29.3118896484375   -7.965015411376953   40.37778091430664   64.0273666381836
211.41249084472656   -31.796281814575195   -31.796279907226562   -8.553136825561523   41.86248779296875   64.19149780273438
213.48403930664062   -34.15530776977539   -34.155296325683594   -9.089716911315918   43.310707092285156   64.23626708984375
215.69956970214844   -36.37967300415039   -36.379661560058594   -9.573352813720703   44.717552185058594   64.16566467285156
218.0503387451172   -38.460609436035156   -38.460609436035156   -10.003172874450684   46.079063415527344   63.984588623046875
220.5270538330078   -40.38991165161133   -40.389930725097656   -10.378791809082031   47.39210510253906   63.69855880737305
223.1199951171875   -42.15998840332031   -42.15998077392578   -10.700254440307617   48.65422058105469   63.31355285644531
225.81887817382812   -43.763832092285156   -43.763832092285156   -10.967989921569824   49.863521575927734   62.835880279541016
228.61309814453125   -45.195133209228516   -45.19513702392578   -11.182760238647461   51.0185546875   62.27196502685547
231.49163818359375   -46.44825744628906   -46.4482421875   -11.345608711242676   52.11821365356445   61.62832260131836
234.4431610107422   -47.51825714111328   -47.51825714111328   -11.457812309265137   53.16167068481445   60.911407470703125
237.4560089111328   -48.40091323852539   -48.400917053222656   -11.520837783813477   54.148250579833984   60.127567291259766
240.51832580566406   -49.09274673461914   -49.092742919921875   -11.536307334899902   55.077457427978516   59.282989501953125
243.61801147460938   -49.59103012084961   -49.591033935546875   -11.505959510803223   55.948856353759766   58.38370132446289
246.7428741455078   -49.89380645751953   -49.89379119873047   -11.431617736816406   56.76210021972656   57.435489654541016
249.88052368164062   -49.999855041503906   -49.999839782714844   -11.315168380737305   57.51686477661133   56.443946838378906
253.01870727539062   -49.90879440307617   -49.908775329589844   -11.15853500366211   58.212867736816406   55.41440963745117
256.14501953125   -49.62095642089844   -49.620948791503906   -10.963658332824707   58.84983825683594   54.352027893066406
259.2470703125   -49.13749694824219   -49.13749694824219   -10.732486724853516   59.42748260498047   53.26174545288086
262.3125915527344   -48.46030044555664   -48.460304260253906   -10.466954231262207   59.94554138183594   52.14826965332031
265.3296203613281   -47.592044830322266   -47.59203338623047   -10.16897964477539   60.40374755859375   51.016136169433594
268.2862243652344   -46.53615951538086   -46.536163330078125   -9.840449333190918   60.8018913269043   49.86967468261719
271.17071533203125   -45.29680252075195   -45.29679870605469   -9.483224868774414   61.13971710205078   48.71308517456055
273.9717712402344   -43.87886047363281   -43.87885284423828   -9.099122047424316   61.41700744628906   47.55038833618164
276.67828369140625   -42.28792953491211   -42.28791046142578   -8.689923286437988   61.63360595703125   46.38545227050781
279.2796325683594   -40.530277252197266   -40.530242919921875   -8.257365226745605   61.78936767578125   45.22201156616211
281.7655334472656   -38.612823486328125   -38.612831115722656   -7.80314302444458   61.88420104980469   44.06369400024414
284.1262512207031   -36.543148040771484   -36.543128967285156   -7.328912258148193   61.918060302734375   42.91395568847656
286.35235595703125   -34.329383850097656   -34.329402923583984   -6.836284160614014   61.8909912109375   41.776187896728516
288.4351806640625   -31.98029136657715   -31.980308532714844   -6.326836109161377   61.80307388305664   40.653648376464844
290.366455078125   -29.505111694335938   -29.505096435546875   -5.8021016120910645   61.654502868652344   39.54945755004883
292.1385498046875   -26.913597106933594   -26.913597106933594   -5.263581275939941   61.44554901123047   38.46668243408203
293.74462890625   -24.215988159179688   -24.215980529785156   -4.71274471282959   61.17665100097656   37.40818786621094
295.1781311035156   -21.422895431518555   -21.422874450683594   -4.151029586791992   60.848209381103516   36.37684631347656
296.43353271484375   -18.54534149169922   -18.54534149169922   -3.579847574234009   60.46089172363281   35.37531661987305
297.5058898925781   -15.594677925109863   -15.594673156738281   -3.00058650970459   60.015411376953125   34.40617370605469
298.3908996582031   -12.582527160644531   -12.58251953125   -2.414613962173462   59.51263427734375   33.47187423706055
299.085205078125   -9.520771980285645   -9.520774841308594   -1.8232795000076294   58.953590393066406   32.57469940185547
299.5859069824219   -6.421479225158691   -6.421455383300781   -1.227919340133667   58.33939743041992   31.716867446899414
299.89117431640625   -3.2968714237213135   -3.296875   -0.6298591494560242   57.671382904052734   30.9003963470459
299.999755859375   -0.15926527976989746   -0.15926361083984375   -0.03041744977235794   56.95095443725586   30.1271915435791
299.9111633300781   2.9789695739746094   2.978973388671875   0.5690910220146179   56.17970275878906   29.399024963378906
299.6258544921875   6.105460166931152   6.105445861816406   1.167351484298706   55.359413146972656   28.717464447021484
299.1448669433594   9.207878112792969   9.207870483398438   1.7630456686019897   54.491920471191406   28.083999633789062
298.4701232910156   12.273995399475098   12.27398681640625   2.354849100112915   53.57927703857422   27.499914169311523
297.604248046875   15.291718482971191   15.291725158691406   2.9414267539978027   52.623634338378906   26.96639633178711
296.55072021484375   18.249156951904297   18.24915313720703   3.521430730819702   51.627296447753906   26.484453201293945
295.31365966796875   21.134645462036133   21.13465118408203   4.093494892120361   50.59269714355469   26.054960250854492
293.8979797363281   23.93681526184082   23.93682098388672   4.6562347412109375   49.522403717041016   25.678651809692383
292.3091735839844   26.644607543945312   26.644603729248047   5.208239555358887   48.41904830932617   25.356172561645508
290.5536193847656   29.247352600097656   29.24734878540039   5.748075008392334   47.28545379638672   25.087982177734375
288.6381530761719   31.73478889465332   31.734779357910156   6.274276256561279   46.12450408935547   24.874473571777344
286.5703125   34.09710693359375   34.09709548950195   6.785345554351807   44.93919372558594   24.715917587280273
284.35833740234375   36.32499694824219   36.32500076293945   7.279749393463135   43.7326545715332   24.61248016357422
282.0108947753906   38.40967559814453   38.409671783447266   7.755918979644775   42.50808334350586   24.564260482788086
279.5372314453125   40.34292221069336   40.34293746948242   8.21224594116211   41.26880645751953   24.571264266967773
276.9471435546875   42.11711883544922   42.11711502075195   8.647079467773438   40.01829147338867   24.63340187072754
274.25079345703125   43.725257873535156   43.72526168823242   9.058727264404297   38.760066986083984   24.750566482543945
271.4588928222656   45.16101837158203   45.16102600097656   9.445454597473145   37.497825622558594   24.92257308959961
268.58233642578125   46.418724060058594   46.41871643066406   9.805489540100098   36.23539733886719   25.149221420288086
265.632568359375   47.49342727661133   47.493412017822266   10.137012481689453   34.97673416137695   25.430240631103516
262.62109375   48.38087844848633   48.3808708190918   10.438173294067383   33.72594451904297   25.76538848876953
259.5598449707031   49.07758712768555   49.07759094238281   10.707084655761719   32.487335205078125   26.154361724853516
256.4609680175781   49.58080291748047   49.58080291748047   10.941829681396484   31.265399932861328   26.59689712524414
253.33663940429688   49.888553619384766   49.88854217529297   11.14047622680664   30.064838409423828   27.09269905090332
250.19911193847656   49.99960708618164   49.999595642089844   11.301076889038086   28.89052963256836   27.64151382446289
247.060791015625   49.913536071777344   49.91352081298828   11.421690940856934   27.74764633178711   28.24309539794922
243.93406677246094   49.630680084228516   49.63068389892578   11.500391006469727   26.64156723022461   28.8972110748291
240.83123779296875   49.15214920043945   49.15216827392578   11.535286903381348   25.577980041503906   29.60366439819336
237.76463317871094   48.479854583740234   48.479835510253906   11.52454662322998   24.562850952148438   30.36226463317871
234.74618530273438   47.616397857666016   47.61640167236328   11.466421127319336   23.60234832763672   31.172832489013672
231.78790283203125   46.56521987915039   46.56523132324219   11.359275817871094   22.7030029296875   32.03519058227539
228.9014129638672   45.3304557800293   45.330474853515625   11.201626777648926   21.871551513671875   32.94911193847656
226.09817504882812   43.9169921875   43.9169921875   10.992175102233887   21.115005493164062   33.914310455322266
223.38909912109375   42.33036422729492   42.33037567138672   10.729851722717285   20.440505981445312   34.93040084838867
220.7849578857422   40.57685470581055   40.57685852050781   10.41386604309082   19.855377197265625   35.99679946899414
218.29598999023438   38.66337203979492   38.663368225097656   10.043750762939453   19.36693572998047   37.11268997192383
215.93203735351562   36.59744644165039   36.597450256347656   9.619417190551758   18.982452392578125   38.276912689208984
213.702392578125   34.387237548828125   34.387237548828125   9.14120864868164   18.70893096923828   39.487823486328125
211.6158447265625   32.04146194458008   32.04145812988281   8.609946250915527   18.55298614501953   40.74325180053711
209.68064880371094   29.56935691833496   29.56934356689453   8.026972770690918   18.520606994628906   42.04025650024414
207.90435791015625   26.98067283630371   26.98065948486328   7.394203186035156   18.616928100585938   43.37504959106445
206.29405212402344   24.285619735717773   24.285629272460938   6.714145660400391   18.845977783203125   44.74281311035156
204.85609436035156   21.494815826416016   21.49481964111328   5.989922523498535   19.210426330566406   46.13761520385742
203.5960693359375   18.61927032470703   18.619285583496094   5.225279331207275   19.71125030517578   47.5522575378418
202.5189971923828   15.670313835144043   15.670318603515625   4.424559116363525   20.34764862060547   48.97825241088867
201.6291961669922   12.659581184387207   12.659576416015625   3.5926826000213623   21.11675262451172   50.40580368041992
200.93002319335938   9.5989351272583   9.59893798828125   2.7350845336914062   22.013526916503906   51.82394027709961
200.4243621826172   6.500445365905762   6.500450134277344   1.857646107673645   23.030906677246094   53.22064971923828
200.11412048339844   3.3763267993927   3.3763198852539062   0.9666031002998352   24.15973663330078   54.58316421508789
200.00057983398438   0.23889711499214172   0.23889923095703125   0.06843874603509903   25.389114379882812   55.89825439453125
200.08412170410156   -2.8994741439819336   -2.89947509765625   -0.8302307724952698   26.706676483154297   57.15272521972656
200.36451721191406   -6.0264153480529785   -6.0264129638671875   -1.722780466079712   28.098960876464844   58.33373260498047
200.8405303955078   -9.129594802856445   -9.129592895507812   -2.602698564529419   29.551902770996094   59.4293098449707
201.5104217529297   -12.196783065795898   -12.196792602539062   -3.463705062866211   31.051300048828125   60.42866516113281
202.37149047851562   -15.2158842086792   -15.215888977050781   -4.299858093261719   32.583187103271484   61.32257843017578
203.4202880859375   -18.17499542236328   -18.17499542236328   -5.105649471282959   34.13426208496094   62.10359573364258
204.6527557373047   -21.062450408935547   -21.06243896484375   -5.876078128814697   35.69218063354492   62.766136169433594
206.06399536132812   -23.866865158081055   -23.866867065429688   -6.60670804977417   37.245765686035156   63.306575775146484
207.64845275878906   -26.57718849182129   -26.57720184326172   -7.293703556060791   38.78510665893555   63.723148345947266
209.39987182617188   -29.182722091674805   -29.182701110839844   -7.933845043182373   40.301605224609375   64.01580810546875
211.31141662597656   -31.673208236694336   -31.673202514648438   -8.52453327178955   41.78800582885742   64.18607330322266
213.37542724609375   -34.038818359375   -34.03882598876953   -9.063765525817871   43.238216400146484   64.23681640625
215.58387756347656   -36.27022933959961   -36.27021026611328   -9.550111770629883   44.64725112915039   64.17194366455078
217.9280242919922   -38.3586540222168   -38.35863494873047   -9.98267650604248   46.01115417480469   63.996341705322266
220.39857482910156   -40.29582977294922   -40.29582214355469   -10.361044883728027   47.32671356201172   63.71549987792969
222.98582458496094   -42.07414627075195   -42.074119567871094   -10.685247421264648   48.591453552246094   63.335365295410156
225.67958068847656   -43.686580657958984   -43.68657684326172   -10.955692291259766   49.803470611572266   62.862239837646484
228.46923828125   -45.12677764892578   -45.12676239013672   -11.173127174377441   50.961280822753906   62.30254364013672
231.34378051757812   -46.38906478881836   -46.389068603515625   -11.338580131530762   52.063785552978516   61.66278839111328
234.29185485839844   -47.46846008300781   -47.46844482421875   -11.45331859588623   53.11009979248047   60.949440002441406
237.30194091796875   -48.360713958740234   -48.36073303222656   -11.518798828125   54.0995979309082   60.1688346862793
240.3620147705078   -49.062294006347656   -49.062278747558594   -11.536639213562012   55.031715393066406   59.32719039916992
243.4600830078125   -49.57045364379883   -49.5704345703125   -11.508572578430176   55.90605163574219   58.430538177490234
246.583984375   -49.88317108154297   -49.88316345214844   -11.436417579650879   56.72226333618164   57.48467254638672
249.72128295898438   -49.99921798706055   -49.99920654296875   -11.322057723999023   57.47999572753906   56.49519729614258
252.85972595214844   -49.918148040771484   -49.91813659667969   -11.167415618896484   58.178985595703125   55.467464447021484
255.9868927001953   -49.640281677246094   -49.64027404785156   -10.974432945251465   58.81895065307617   54.40663528442383
259.0904541015625   -49.16669464111328   -49.16668701171875   -10.745055198669434   59.39961242675781   53.31764221191406
262.1581726074219   -48.499263763427734   -48.499267578125   -10.481218338012695   59.92069625854492   52.205238342285156
265.1779479980469   -47.640628814697266   -47.64061737060547   -10.184844017028809   60.38195037841797   51.073936462402344
268.1379089355469   -46.594173431396484   -46.59416961669922   -9.857819557189941   60.78315353393555   49.928096771240234
271.0263366699219   -45.364009857177734   -45.36400604248047   -9.502006530761719   61.12403869628906   48.77192687988281
273.8318786621094   -43.954994201660156   -43.95500183105469   -9.119223594665527   61.40440368652344   47.60945129394531
276.5434875488281   -42.3726921081543   -42.3726806640625   -8.711254119873047   61.62409591674805   46.44452667236328
279.150390625   -40.62333297729492   -40.623348236083984   -8.279840469360352   61.78295135498047   45.28092956542969
281.64239501953125   -38.713809967041016   -38.71379852294922   -7.826676368713379   61.880855560302734   44.12226104736328
284.0096435546875   -36.65165710449219   -36.65165328979492   -7.353421688079834   61.917808532714844   42.972015380859375
286.2428283691406   -34.44500732421875   -34.44500732421875   -6.861690044403076   61.893821716308594   41.83355712890625
288.3331298828125   -32.10255813598633   -32.1025505065918   -6.353056907653809   61.80899429321289   40.71015930175781
290.2722473144531   -29.63353729248047   -29.63353729248047   -5.829061031341553   61.66349411010742   39.604976654052734
292.0526428222656   -27.047685623168945   -27.047683715820312   -5.291204452514648   61.457611083984375   38.521034240722656
293.667236328125   -24.355195999145508   -24.355201721191406   -4.740956783294678   61.19171905517578   37.46125411987305
295.109619140625   -21.56669044494629   -21.566673278808594   -4.179759979248047   60.86628723144531   36.428466796875
296.37420654296875   -18.69314956665039   -18.693153381347656   -3.6090245246887207   60.48194885253906   35.425357818603516
297.4559326171875   -15.745918273925781   -15.74591064453125   -3.0301408767700195   60.039390563964844   34.45451736450195
298.3505859375   -12.736601829528809   -12.736602783203125   -2.4444756507873535   59.53949737548828   33.51838302612305
299.0545959472656   -9.677074432373047   -9.677093505859375   -1.8533809185028076   58.9832763671875   32.61928939819336
299.56524658203125   -6.579394340515137   -6.5793914794921875   -1.2581931352615356   58.371864318847656   31.7593994140625
299.88043212890625   -3.45577335357666   -3.4557647705078125   -0.6602379679679871   57.70654296875   30.940776824951172
299.9990234375   -0.3185286521911621   -0.31851959228515625   -0.060834676027297974   56.98873519897461   30.16533851623535
299.9203796386719   2.819971799850464   2.8199691772460938   0.5387020111083984   56.22002029418945   29.43484878540039
299.64501953125   5.947355270385742   5.947349548339844   1.1370574235916138   55.40216827392578   28.750885009765625
299.1739196777344   9.051291465759277   9.051307678222656   1.7329137325286865   54.537025451660156   28.114938735961914
298.5089111328125   12.119540214538574   12.119529724121094   2.324946641921997   53.62661361694336   27.528343200683594
297.6526794433594   15.140006065368652   15.140022277832031   2.9118216037750244   52.67308807373047   26.992233276367188
296.6086120605469   18.100786209106445   18.100784301757812   3.4921915531158447   51.67877197265625   26.507646560668945
295.3807678222656   20.990201950073242   20.990196228027344   4.06469202041626   50.646053314208984   26.075475692749023
293.9739685058594   23.796863555908203   23.796859741210938   4.627938270568848   49.577491760253906   25.69646453857422
292.3938293457031   26.509700775146484   26.509700775146484   5.1805219650268555   48.47575759887695   25.37122917175293
290.64654541015625   29.118026733398438   29.118026733398438   5.721009731292725   47.343624114990234   25.10028076171875
288.7389831542969   31.611549377441406   31.61153793334961   6.247939109802246   46.183990478515625   24.883991241455078
286.67877197265625   33.98044967651367   33.98042678833008   6.759810924530029   44.9998664855957   24.722631454467773
284.4738464355469   36.21537399291992   36.215362548828125   7.255099296569824   43.79430389404297   24.616411209106445
282.1330871582031   38.30752182006836   38.30752944946289   7.732232570648193   42.57057189941406   24.56538200378418
279.66558837890625   40.248634338378906   40.248634338378906   8.189604759216309   41.33196258544922   24.569578170776367
277.08123779296875   42.03107452392578   42.03106689453125   8.625567436218262   40.08194351196289   24.628917694091797
274.38995361328125   43.64779281616211   43.64778137207031   9.038433074951172   38.82401657104492   24.743303298950195
271.6026306152344   45.092430114746094   45.09243392944336   9.426466941833496   37.561885833740234   24.912534713745117
268.7301330566406   46.35930252075195   46.35927963256836   9.787898063659668   36.29938507080078   25.13640785217285
265.7837219238281   47.443389892578125   47.443382263183594   10.1209135055542   35.0404052734375   25.414690017700195
262.775146484375   48.34043884277344   48.340423583984375   10.423659324645996   33.78913879394531   25.747081756591797
259.71612548828125   49.04689025878906   49.04689025878906   10.694252014160156   32.5497932434082   26.133342742919922
256.6188659667969   49.559974670410156   49.559967041015625   10.93077564239502   31.32691192626953   26.573162078857422
253.49546813964844   49.877662658691406   49.87767791748047   11.13129997253418   30.125133514404297   27.06627082824707
250.3583221435547   49.99871063232422   49.99871826171875   11.293878555297852   28.949371337890625   27.612411499023438
247.2197723388672   49.92264175415039   49.92265319824219   11.416566848754883   27.804763793945312   28.21131134033203
244.09217834472656   49.64975357055664   49.649742126464844   11.497437477111816   26.696701049804688   28.862773895263672
240.9878692626953   49.18110275268555   49.181114196777344   11.534600257873535   25.630821228027344   29.566577911376953
237.91909790039062   48.5185661315918   48.51856994628906   11.526216506958008   24.613067626953125   30.322538375854492
234.89796447753906   47.66474151611328   47.66474914550781   11.470535278320312   23.649658203125   31.13047218322754
231.93637084960938   46.62300109863281   46.62299346923828   11.365914344787598   22.747047424316406   31.99020767211914
229.0459442138672   45.397438049316406   45.397430419921875   11.210860252380371   21.9119873046875   32.90152359008789
226.23814392089844   43.99289321899414   43.99291229248047   11.004063606262207   21.151451110839844   33.864131927490234
223.52406311035156   42.414913177490234   42.41490936279297   10.744443893432617   20.472633361816406   34.877647399902344
220.91436767578125   40.669708251953125   40.66972351074219   10.431193351745605   19.882789611816406   35.941505432128906
218.4193115234375   38.764156341552734   38.76414489746094   10.063828468322754   19.3892822265625   37.0549201965332
216.0487823486328   36.70578384399414   36.705772399902344   9.642243385314941   18.999351501464844   38.21671676635742
213.8120880126953   34.502685546875   34.502685546875   9.16675090789795   18.72002410888672   39.425315856933594
211.71807861328125   32.16355895996094   32.16356658935547   8.638150215148926   18.557960510253906   40.678550720214844
209.77500915527344   29.69763946533203   29.697647094726562   8.057760238647461   18.519180297851562   41.97351837158203
207.99050903320312   27.114625930786133   27.1146240234375   7.427460670471191   18.608871459960938   43.3065071105957
206.3716278076172   24.424713134765625   24.424713134765625   6.749731540679932   18.83111572265625   44.67273712158203
204.92477416992188   21.63850212097168   21.638504028320312   6.027663230895996   19.18865966796875   46.06633377075195
203.65565490722656   18.76698875427246   18.76696014404297   5.264970302581787   19.682594299316406   47.48016357421875
202.5692138671875   15.821480751037598   15.82147216796875   4.465966701507568   20.312156677246094   48.90578842163086
201.6697540283203   12.813591957092285   12.813575744628906   3.6355435848236084   21.074615478515625   50.33353042602539
200.9608917236328   9.755188941955566   9.755195617675781   2.779111623764038   21.965072631835938   51.752418518066406
200.4453125   6.658326148986816   6.6583251953125   1.9025328159332275   22.976531982421875   53.1505241394043
200.12513732910156   3.5352118015289307   3.5352020263671875   1.012024998664856   24.099960327148438   54.51507568359375
200.0016326904297   0.39815935492515564   0.39815521240234375   0.11406317353248596   25.324539184570312   55.83289337158203
200.0751495361328   -2.7404625415802   -2.7404632568359375   -0.784740686416626   26.637935638427734   57.09075927734375
200.3455810546875   -5.86828088760376   -5.868293762207031   -1.6777591705322266   28.026771545410156   58.27579116821289
200.8117218017578   -8.97296142578125   -8.972953796386719   -2.558471441268921   29.476978302001953   59.3759651184082
201.47183227539062   -12.042267799377441   -12.042259216308594   -3.4205832481384277   30.974349975585938   60.38043975830078
202.3232421875   -15.064094543457031   -15.064094543457031   -4.258133411407471   32.50490951538086   61.279903411865234
203.3626251220703   -18.026531219482422   -18.026527404785156   -5.065589427947998   34.055320739746094   62.066795349121094
204.5858917236328   -20.917898178100586   -20.917892456054688   -5.837924003601074   35.6131706237793   62.73544692993164
205.98818969726562   -23.726795196533203   -23.726776123046875   -6.570669651031494   37.1672248840332   63.28213882446289
207.56402587890625   -26.442150115966797   -26.442161560058594   -7.259960651397705   38.707515716552734   63.70500564575195
209.30714416503906   -29.053253173828125   -29.053245544433594   -7.902547359466553   40.22536087036133   64.00392150878906
211.21072387695312   -31.5498104095459   -31.5498046875   -8.495796203613281   41.71343994140625   64.18034362792969
213.26718139648438   -33.92198181152344   -33.921974182128906   -9.037677764892578   43.16560363769531   64.23705291748047
215.46849060058594   -36.16041946411133   -36.16039276123047   -9.5267333984375   44.576839447021484   64.17794799804688
217.8059539794922   -38.25629425048828   -38.25628662109375   -9.96203899383545   45.943111419677734   64.00784301757812
220.2703399658203   -40.201332092285156   -40.201316833496094   -10.343159675598145   47.26118469238281   63.7321891784668
222.8519287109375   -41.987884521484375   -41.987884521484375   -10.6701021194458   48.528564453125   63.35694122314453
225.54055786132812   -43.608890533447266   -43.60888671875   -10.943258285522461   49.74329376220703   62.888370513916016
228.3256072998047   -45.05796813964844   -45.057952880859375   -11.163359642028809   50.90388107299805   62.33291244506836
231.1961212158203   -46.32940673828125   -46.32939910888672   -11.331419944763184   52.00920867919922   61.69706344604492
234.14077758789062   -47.418190002441406   -47.41816711425781   -11.448697090148926   53.05839920043945   60.98728561401367
237.14794921875   -48.32002258300781   -48.320030212402344   -11.516639709472656   54.05078125   60.2099494934082
240.20574951171875   -49.031341552734375   -49.031333923339844   -11.536855697631836   54.985816955566406   59.37126541137695
243.30224609375   -49.54936981201172   -49.54936218261719   -11.511073112487793   55.86310577392578   58.47725296020508
246.42507934570312   -49.872039794921875   -49.872047424316406   -11.441109657287598   56.6822624206543   57.533748626708984
249.56204223632812   -49.99808883666992   -49.99809265136719   -11.328845024108887   57.4429817199707   56.54634094238281
252.70071411132812   -49.9270133972168   -49.92700958251953   -11.176199913024902   58.14495849609375   55.52042770385742
255.8287811279297   -49.65910339355469   -49.65911102294922   -10.985114097595215   58.78792190551758   54.461158752441406
258.9338073730469   -49.195404052734375   -49.195396423339844   -10.757535934448242   59.37158966064453   53.37348556518555
262.003662109375   -48.53775405883789   -48.537742614746094   -10.495400428771973   59.89570999145508   52.26214599609375
265.026123046875   -47.68873977661133   -47.688743591308594   -10.200630187988281   60.36000442504883   51.1317024230957
267.98944091796875   -46.65171432495117   -46.6517333984375   -9.875116348266602   60.764251708984375   49.98650360107422
270.8817443847656   -45.430763244628906   -45.430763244628906   -9.520718574523926   61.10820007324219   48.83075714111328
273.6917724609375   -44.03069305419922   -44.03071594238281   -9.139260292053223   61.39165496826172   47.66849899291992
276.4083557128906   -42.45702362060547   -42.45703887939453   -8.732525825500488   61.61442565917969   46.50360870361328
279.0208435058594   -40.715980529785156   -40.71596145629883   -8.30225944519043   61.77634811401367   45.33985900878906
281.5189208984375   -38.81439971923828   -38.81439971923828   -7.850157737731934   61.87736511230469   44.18084716796875
283.89276123046875   -36.75981140136719   -36.759803771972656   -7.3778839111328125   61.91741180419922   43.030094146728516
286.1329345703125   -34.56027603149414   -34.560279846191406   -6.887051105499268   61.89651107788086   41.89096450805664
288.23065185546875   -32.22449493408203   -32.22449493408203   -6.379237651824951   61.81475830078125   40.766727447509766
290.1776428222656   -29.761661529541016   -29.761642456054688   -5.855984687805176   61.67232894897461   39.66054153442383
291.96624755859375   -27.18149757385254   -27.181495666503906   -5.318795680999756   61.46949768066406   38.5754508972168
293.5893859863281   -24.494165420532227   -24.494163513183594   -4.7691426277160645   61.20661926269531   37.514400482177734
295.0407409667969   -21.71026611328125   -21.71025848388672   -4.208465576171875   60.88423156738281   36.48014831542969
296.3144226074219   -18.84077262878418   -18.84075927734375   -3.638180732727051   60.502838134765625   35.47548294067383
297.4055480957031   -15.896997451782227   -15.896995544433594   -3.0596768856048584   60.06322479248047   34.5029411315918
298.3097839355469   -12.89055061340332   -12.890571594238281   -2.4743237495422363   59.56623458862305   33.56499099731445
299.0235290527344   -9.833280563354492   -9.833274841308594   -1.883471965789795   59.01283264160156   32.66395568847656
299.54400634765625   -6.737239837646484   -6.737251281738281   -1.2884596586227417   58.404178619384766   31.802043914794922
299.8691711425781   -3.614640474319458   -3.6146316528320312   -0.6906131505966187   57.74155807495117   30.98127555847168
299.9976806640625   -0.4777885675430298   -0.47776031494140625   -0.09125152975320816   57.0263557434082   30.203615188598633
299.9291076660156   2.6609461307525635   2.66094970703125   0.5083100199699402   56.26020812988281   29.47079086303711
299.6636962890625   5.789189338684082   5.7891998291015625   1.1067569255828857   55.444793701171875   28.784435272216797
299.20245361328125   8.894609451293945   8.894638061523438   1.7027719020843506   54.58198928833008   28.146039962768555
298.5473327636719   11.964963912963867   11.964973449707031   2.2950305938720703   53.673858642578125   27.556873321533203
297.70068359375   14.988144874572754   14.988136291503906   2.882199764251709   52.72246170043945   27.0181941986084
296.6659851074219   17.95223045349121   17.952239990234375   3.4629323482513428   51.730140686035156   26.530973434448242
295.4473571777344   20.845542907714844   20.845550537109375   4.03586483001709   50.699310302734375   26.096126556396484
294.049560546875   23.656673431396484   23.656658172607422   4.599614143371582   49.63252258300781   25.714391708374023
292.47808837890625   26.374530792236328   26.374523162841797   5.152772426605225   48.53240966796875   25.38641357421875
290.7391052246094   28.9884090423584   28.98839569091797   5.693910121917725   47.40175247192383   25.112701416015625
288.8395080566406   31.488000869750977   31.487979888916016   6.221562385559082   46.24342727661133   24.893640518188477
286.7867736816406   33.86344528198242   33.863441467285156   6.734235763549805   45.06045150756836   24.7294921875
284.589111328125   36.10538101196289   36.105377197265625   7.230400562286377   43.855934143066406   24.620458602905273
282.2549133300781   38.20496368408203   38.2049674987793   7.708492279052734   42.633026123046875   24.56664276123047
279.79364013671875   40.153934478759766   40.1539421081543   8.16690731048584   41.39508819580078   24.568038940429688
277.21490478515625   41.94459915161133   41.94460678100586   8.603997230529785   40.14554977416992   24.624588012695312
274.5289001464844   43.56988525390625   43.569862365722656   9.018074035644531   38.88796615600586   24.736173629760742
271.74615478515625   45.02339553833008   45.02337646484375   9.407410621643066   37.62595748901367   24.902633666992188
268.877685546875   46.29940414428711   46.29940414428711   9.770235061645508   36.36335754394531   25.123743057250977
265.9347839355469   47.39286804199219   47.39287185668945   10.104734420776367   35.104122161865234   25.399261474609375
262.92901611328125   48.29948425292969   48.29948806762695   10.40906047821045   33.85233688354492   25.728931427001953
259.8722839355469   49.01567459106445   49.01569366455078   10.681329727172852   32.6122932434082   26.112462997436523
256.7767028808594   49.538631439208984   49.53864288330078   10.919628143310547   31.388469696044922   26.5495662689209
253.6543426513672   49.86627960205078   49.86627197265625   11.122025489807129   30.185508728027344   27.03998565673828
250.51760864257812   49.997318267822266   49.997314453125   11.286576271057129   29.008312225341797   27.58343505859375
247.37881469726562   49.931243896484375   49.931243896484375   11.411333084106445   27.86199188232422   28.179672241210938
244.2503662109375   49.66831588745117   49.668312072753906   11.494372367858887   26.751937866210938   28.828468322753906
241.1445770263672   49.20956802368164   49.209571838378906   11.533796310424805   25.68377685546875   29.529619216918945
238.0736846923828   48.556800842285156   48.556800842285156   11.527767181396484   24.663436889648438   30.282943725585938
235.04986572265625   47.71261215209961   47.712608337402344   11.474525451660156   23.697113037109375   31.088247299194336
232.08493041992188   46.680301666259766   46.6802978515625   11.372424125671387   22.79125213623047   31.945362091064453
229.19065856933594   45.463951110839844   45.463966369628906   11.21996021270752   21.952606201171875   32.85405731201172
226.37841796875   44.068359375   44.06837463378906   11.015815734863281   21.188125610351562   33.81407165527344
223.65931701660156   42.49903106689453   42.4990234375   10.758896827697754   20.504981994628906   34.82502746582031
221.04403686523438   40.762142181396484   40.76213836669922   10.448381423950195   19.91045379638672   35.886356353759766
218.54295349121094   38.86455535888672   38.86455535888672   10.083767890930176   19.41187286376953   36.99726486206055
216.16586303710938   36.81373596191406   36.813743591308594   9.664928436279297   19.016510009765625   38.156646728515625
213.92221069335938   34.61777877807617   34.617774963378906   9.192155838012695   18.731430053710938   39.362918853759766
211.82073974609375   32.28533935546875   32.28533172607422   8.666221618652344   18.563262939453125   40.61395263671875
209.8697967529297   29.825618743896484   29.82561492919922   8.088418960571289   18.518089294433594   41.906890869140625
208.07708740234375   27.248300552368164   27.248306274414062   7.460596084594727   18.601158142089844   43.23805236816406
206.4496612548828   24.56355857849121   24.563568115234375   6.785202980041504   18.816604614257812   44.602718353271484
204.99392700195312   21.781970977783203   21.78197479248047   6.065299987792969   19.167236328125   45.99509048461914
203.7156524658203   18.91451072692871   18.914505004882812   5.304568290710449   19.654251098632812   47.40808868408203
202.61985778808594   15.972480773925781   15.972496032714844   4.507293224334717   20.27698516845703   48.83333969116211
201.7108154296875   12.967473983764648   12.96746826171875   3.678337574005127   21.032806396484375   50.26122283935547
200.99220275878906   9.911344528198242   9.911338806152344   2.823087692260742   21.91693115234375   51.680850982666016
200.46678161621094   6.816137790679932   6.816139221191406   1.9473826885223389   22.922447204589844   53.08030319213867
200.1366424560547   3.6940600872039795   3.6940536499023438   1.0574275255203247   24.040443420410156   54.44688034057617
200.00311279296875   0.5574171543121338   0.5574188232421875   0.15968534350395203   25.260177612304688   55.767391204833984
200.06668090820312   -2.581422805786133   -2.5814361572265625   -0.7392356395721436   26.56938934326172   57.02860641479492
200.3271026611328   -5.710085868835449   -5.710090637207031   -1.6327059268951416   27.954723358154297   58.21763610839844
200.7834014892578   -8.81623649597168   -8.816238403320312   -2.5141961574554443   29.402164459228516   59.322383880615234
201.4337158203125   -11.887628555297852   -11.887619018554688   -3.3773980140686035   30.89748764038086   60.331947326660156
202.27549743652344   -14.912150382995605   -14.912147521972656   -4.216331481933594   32.42668533325195   61.2369384765625
203.305419921875   -17.87788200378418   -17.87787628173828   -5.025439262390137   33.97639846801758   62.029693603515625
204.5194854736328   -20.77313232421875   -20.773109436035156   -5.799668312072754   35.534156799316406   62.704444885253906
205.912841796875   -23.58648109436035   -23.586471557617188   -6.534519672393799   37.088653564453125   63.25738525390625
207.47998046875   -26.30683708190918   -26.30682373046875   -7.226098537445068   38.62984848022461   63.686546325683594
209.2147979736328   -28.92348289489746   -28.92345428466797   -7.87112283706665   40.149024963378906   63.99172592163086
211.1103973388672   -31.42609405517578   -31.426109313964844   -8.466928482055664   41.63877868652344   64.17431640625
213.15933227539062   -33.804813385009766   -33.804786682128906   -9.011455535888672   43.092899322509766   64.23699951171875
215.353515625   -36.05024719238281   -36.050254821777344   -9.503215789794922   44.506324768066406   64.18366241455078
217.68429565429688   -38.15354919433594   -38.15354919433594   -9.941261291503906   45.87495040893555   64.01905822753906
220.1424560546875   -40.1064338684082   -40.106407165527344   -10.32513427734375   47.195533752441406   63.74861526489258
222.7183380126953   -41.90119552612305   -41.901206970214844   -10.654818534851074   48.46554183959961   63.37828063964844
225.40176391601562   -43.530757904052734   -43.53074645996094   -10.930688858032227   49.68296432495117   62.91429138183594
228.18223571777344   -44.98870849609375   -44.98869323730469   -11.153457641601562   50.846343994140625   62.363075256347656
231.0486297607422   -46.2692756652832   -46.269287109375   -11.32413101196289   51.95449447631836   61.73115158081055
233.98980712890625   -47.36742401123047   -47.36741638183594   -11.443947792053223   53.00654220581055   61.02496337890625
236.9940948486328   -48.278831481933594   -48.27880859375   -11.514355659484863   54.00181198120117   60.25090026855469
240.04965209960938   -48.999900817871094   -48.999900817871094   -11.536952018737793   54.93978500366211   59.41517639160156
243.14442443847656   -49.527774810791016   -49.52777099609375   -11.513458251953125   55.81999969482422   58.52383804321289
246.26625061035156   -49.860389709472656   -49.860389709472656   -11.445691108703613   56.64211654663086   57.58271026611328
249.4027862548828   -49.996429443359375   -49.99644470214844   -11.335526466369629   57.40581130981445   56.5974006652832
252.54165649414062   -49.935359954833984   -49.93534851074219   -11.184883117675781   58.11076354980469   55.57331466674805
255.6705322265625   -49.677406311035156   -49.67738342285156   -10.99570083618164   58.75672149658203   54.51561737060547
258.7770690917969   -49.223609924316406   -49.223609924316406   -10.769927024841309   59.343414306640625   53.42927169799805
261.84893798828125   -48.57573318481445   -48.57575225830078   -10.509498596191406   59.87055969238281   52.31902313232422
264.8741455078125   -47.73635482788086   -47.736366271972656   -10.216337203979492   60.33790588378906   51.18943405151367
267.8406982421875   -46.708778381347656   -46.708770751953125   -9.892337799072266   60.74519348144531   50.04487991333008
270.7369384765625   -45.497039794921875   -45.497032165527344   -9.539360046386719   61.09220886230469   48.88956069946289
273.5513916015625   -44.105934143066406   -44.105918884277344   -9.159232139587402   61.378726959228516   47.727542877197266
276.2729797363281   -42.540931701660156   -42.540931701660156   -8.753737449645996   61.604583740234375   46.56270217895508
278.8909606933594   -40.808204650878906   -40.808197021484375   -8.324623107910156   61.76959228515625   45.398807525634766
281.3951110839844   -38.91460418701172   -38.914588928222656   -7.873589515686035   61.87370300292969   44.23947525024414
283.77545166015625   -36.867576599121094   -36.86758804321289   -7.402299404144287   61.91684341430664   43.08822250366211
286.02264404296875   -34.67519760131836   -34.67519760131836   -6.912369251251221   61.89903259277344   41.94841766357422
288.1278381347656   -32.346107482910156   -32.346099853515625   -6.405379772186279   61.820369720458984   40.82333755493164
290.0826721191406   -29.88949203491211   -29.889511108398438   -5.882873058319092   61.68101501464844   39.71617126464844
291.87945556640625   -27.315032958984375   -27.315040588378906   -5.346354961395264   61.481239318847656   38.62993621826172
293.51116943359375   -24.632884979248047   -24.63288116455078   -4.797298431396484   61.221412658691406   37.56757736206055
294.9713439941406   -21.853626251220703   -21.8536376953125   -4.237147331237793   60.902008056640625   36.531925201416016
296.25421142578125   -18.988204956054688   -18.988197326660156   -3.667316436767578   60.523597717285156   35.52568817138672
297.35467529296875   -16.04792022705078   -16.047943115234375   -3.089195966720581   60.08692932128906   34.551456451416016
298.2684631347656   -13.044365882873535   -13.044349670410156   -2.504157304763794   59.592796325683594   33.61170196533203
298.9919738769531   -9.98938274383545   -9.989387512207031   -1.913551926612854   59.04225540161133   32.70872497558594
299.5223083496094   -6.895019054412842   -6.89501953125   -1.3187189102172852   58.436363220214844   31.844783782958984
299.8573913574219   -3.773470163345337   -3.7734756469726562   -0.7209843993186951   57.77644348144531   31.021886825561523
299.9959411621094   -0.6370441317558289   -0.637054443359375   -0.12166793644428253   57.06389617919922   30.241987228393555
299.9374084472656   2.5018932819366455   2.5018692016601562   0.47791504859924316   56.30030059814453   29.5068359375
299.6819152832031   5.630966663360596   5.630973815917969   1.076450228691101   55.487327575683594   28.818096160888672
299.2306213378906   8.73784065246582   8.737846374511719   1.672620177268982   54.62689208984375   28.17722511291504
298.58514404296875   11.810264587402344   11.810256958007812   2.265101671218872   53.720970153808594   27.5855655670166
297.7481384277344   14.836125373840332   14.836151123046875   2.8525612354278564   52.77171325683594   27.04428482055664
296.72296142578125   17.803495407104492   17.803489685058594   3.4336531162261963   51.78142166137695   26.554431915283203
295.5135498046875   20.70067596435547   20.70068359375   4.007014274597168   50.752498626708984   26.116899490356445
294.1246643066406   23.516239166259766   23.516239166259766   4.571262836456299   49.68743896484375   25.73247528076172
292.5618591308594   26.239091873168945   26.239086151123047   5.124993324279785   48.58895492553711   25.401756286621094
290.83123779296875   28.858495712280273   28.85849380493164   5.666774749755859   47.45978546142578   25.12527084350586
288.9396057128906   31.364124298095703   31.364116668701172   6.195146560668945   46.30280685424805   24.903419494628906
286.89447021484375   33.74609375   33.7461051940918   6.708615779876709   45.12099838256836   24.736492156982422
284.703857421875   35.995018005371094   35.99501037597656   7.2056565284729   43.917476654052734   24.62467384338379
282.3764953613281   38.10203552246094   38.1020393371582   7.684702396392822   42.69544982910156   24.568038940429688
279.92138671875   40.05883026123047   40.058837890625   8.14415454864502   41.45819854736328   24.566631317138672
277.348388671875   41.85768508911133   41.857696533203125   8.582365036010742   40.20916748046875   24.620386123657227
274.66754150390625   43.49152755737305   43.49153137207031   8.997652053833008   38.95187759399414   24.72919273376465
271.88946533203125   44.95389938354492   44.95388412475586   9.388285636901855   37.69002151489258   24.892868041992188
269.0250549316406   46.239036560058594   46.2390251159668   9.752497673034668   36.427345275878906   25.111221313476562
266.08563232421875   47.34186935424805   47.34186935424805   10.088479042053223   35.167842864990234   25.383983612060547
263.0827941894531   48.258060455322266   48.258056640625   10.394381523132324   33.915584564208984   25.710914611816406
260.0283508300781   48.983985900878906   48.98399353027344   10.66832160949707   32.67483139038086   26.09172248840332
256.9344482421875   49.51679611206055   49.51679992675781   10.908390045166016   31.450077056884766   26.5261173248291
253.81320190429688   49.8543815612793   49.854393005371094   11.112653732299805   30.24594497680664   27.013824462890625
250.6768798828125   49.995418548583984   49.99541473388672   11.279170036315918   29.067317962646484   27.554594039916992
247.53790283203125   49.93933868408203   49.93933868408203   11.405993461608887   27.9193115234375   28.148162841796875
244.40863037109375   49.68638229370117   49.686378479003906   11.491194725036621   26.80728530883789   28.794294357299805
241.30137634277344   49.237518310546875   49.237525939941406   11.532875061035156   25.736854553222656   29.492799758911133
238.22842407226562   48.59454345703125   48.59454345703125   11.529193878173828   24.713943481445312   30.243484497070312
235.20188903808594   47.759979248046875   47.75999450683594   11.478387832641602   23.744720458984375   31.046154022216797
232.2336883544922   46.737117767333984   46.73712921142578   11.378802299499512   22.83563232421875   31.900644302368164
229.33558654785156   45.53001022338867   45.529991149902344   11.228927612304688   21.993423461914062   32.80673599243164
226.5189208984375   44.14338684082031   44.14337921142578   11.027433395385742   21.225013732910156   33.76415252685547
223.79483032226562   42.58272171020508   42.58271789550781   10.773213386535645   20.537567138671875   34.772525787353516
221.17404174804688   40.85417556762695   40.85417175292969   10.465432167053223   19.93836212158203   35.83131790161133
218.6669158935547   38.96455764770508   38.96455383300781   10.103567123413086   19.43474578857422   36.93974304199219
216.2832794189453   36.92131805419922   36.92133331298828   9.687474250793457   19.033966064453125   38.09669494628906
214.03262329101562   34.732521057128906   34.732521057128906   9.217424392700195   18.743125915527344   39.30064010620117
211.92376708984375   32.40678405761719   32.40678405761719   8.694159507751465   18.568878173828125   40.54945755004883
209.9650115966797   29.953289031982422   29.95330047607422   8.11894702911377   18.517333984375   41.84035110473633
208.16407775878906   27.381694793701172   27.3817138671875   7.493607997894287   18.593772888183594   43.169677734375
206.52809143066406   24.702150344848633   24.70215606689453   6.820559978485107   18.80243682861328   44.53279113769531
205.06356811523438   21.925220489501953   21.925201416015625   6.10283088684082   19.14618682861328   45.92390823364258
203.77613830566406   19.061847686767578   19.06182861328125   5.344071865081787   19.62627410888672   47.33604431152344
202.6709442138672   16.123319625854492   16.123329162597656   4.5485382080078125   20.242164611816406   48.760902404785156
201.75241088867188   13.121225357055664   13.1212158203125   3.7210633754730225   20.99134063720703   50.188899993896484
201.02398681640625   10.067398071289062   10.067413330078125   2.8670105934143066   21.86908721923828   51.609222412109375
200.48873901367188   6.973882675170898   6.973869323730469   1.9921966791152954   22.86865997314453   53.010005950927734
200.14866638183594   3.8528711795806885   3.8528594970703125   1.1028101444244385   23.98119354248047   54.378562927246094
200.00514221191406   0.716669499874115   0.7166671752929688   0.20530453324317932   25.196044921875   55.70172882080078
200.0587158203125   -2.4223573207855225   -2.4223556518554688   -0.6937167048454285   26.50102996826172   56.96626281738281
200.30918884277344   -5.551833152770996   -5.5518341064453125   -1.5876216888427734   27.88283920288086   58.15924835205078
200.7555389404297   -8.65942096710205   -8.659423828125   -2.4698739051818848   29.327476501464844   59.26856231689453
201.39608764648438   -11.732871055603027   -11.732879638671875   -3.334151029586792   30.82071304321289   60.28319549560547
202.22825622558594   -14.760062217712402   -14.760055541992188   -4.174452781677246   32.34852600097656   61.19367599487305
203.24871826171875   -17.72905731201172   -17.729034423828125   -4.985199928283691   33.897499084472656   61.99227523803711
204.4535369873047   -20.628158569335938   -20.62816619873047   -5.761310577392578   35.455135345458984   62.67313003540039
205.8379669189453   -23.445938110351562   -23.445945739746094   -6.4982590675354   37.01006317138672   63.232303619384766
207.3964080810547   -26.171268463134766   -26.17125701904297   -7.1921162605285645   38.55213928222656   63.66777420043945
209.1228790283203   -28.793426513671875   -28.793411254882812   -7.839570999145508   40.0726203918457   63.97922134399414
211.010498046875   -31.30206298828125   -31.302047729492188   -8.437928199768066   41.564029693603516   64.16796112060547
213.0518341064453   -33.687286376953125   -33.687278747558594   -8.985095977783203   43.020084381103516   64.23664855957031
215.23887634277344   -35.939701080322266   -35.939697265625   -9.479559898376465   44.4356803894043   64.18909454345703
217.56292724609375   -38.0504264831543   -38.05042266845703   -9.9203462600708   45.80666732788086   64.0300064086914
220.0148468017578   -40.01112747192383   -40.01112365722656   -10.306970596313477   47.12975311279297   63.764793395996094
222.5850067138672   -41.81407928466797   -41.81407165527344   -10.639396667480469   48.40237045288086   63.39936828613281
225.26324462890625   -43.45219039916992   -43.45219421386719   -10.91798210144043   49.622520446777344   62.939971923828125
228.0390167236328   -44.91897964477539   -44.918968200683594   -11.143424034118652   50.78865051269531   62.39303207397461
230.90138244628906   -46.20867919921875   -46.20868682861328   -11.316709518432617   51.89963150024414   61.765045166015625
233.83900451660156   -47.31618881225586   -47.316192626953125   -11.439072608947754   52.95454788208008   61.062477111816406
236.84034729003906   -48.23715591430664   -48.237144470214844   -11.51194953918457   53.95270538330078   60.29170227050781
239.89361572265625   -48.967952728271484   -48.96794891357422   -11.536931037902832   54.89358901977539   59.458961486816406
242.98667907714844   -49.50568771362305   -49.50568389892578   -11.515732765197754   55.77674865722656   58.57029724121094
246.10745239257812   -49.84824752807617   -49.848243713378906   -11.450164794921875   56.60182189941406   57.631553649902344
249.24349975585938   -49.9942741394043   -49.994293212890625   -11.342105865478516   57.36848831176758   56.64835739135742
252.382568359375   -49.94319534301758   -49.94318389892578   -11.19346809387207   58.076419830322266   55.62611389160156
255.51231384277344   -49.695228576660156   -49.69520568847656   -11.006194114685059   58.72538757324219   54.56998825073242
258.6202087402344   -49.25131607055664   -49.251319885253906   -10.78222942352295   59.315093994140625   53.4849739074707
261.6941833496094   -48.613243103027344   -48.61322784423828   -10.523512840270996   59.845252990722656   52.375831604003906
264.7220153808594   -47.78348922729492   -47.783485412597656   -10.231965065002441   60.31563949584961   51.24712371826172
267.69183349609375   -46.76536560058594   -46.76537322998047   -9.909483909606934   60.725982666015625   50.10322952270508
270.5918884277344   -45.5628662109375   -45.56287384033203   -9.55793285369873   61.0760612487793   48.948368072509766
273.4107971191406   -44.18073272705078   -44.18074035644531   -9.17913818359375   61.36566925048828   47.78657913208008
276.1373596191406   -42.6244010925293   -42.62440490722656   -8.774888038635254   61.59458923339844   46.62179183959961
278.7608642578125   -40.90003204345703   -40.90004348754883   -8.346930503845215   61.762699127197266   45.457763671875
281.27099609375   -39.014408111572266   -39.014427185058594   -7.896969318389893   61.86989212036133   44.298118591308594
283.65789794921875   -36.974971771240234   -36.9749755859375   -7.426665306091309   61.916133880615234   43.1463508605957
285.91204833984375   -34.78976821899414   -34.78977966308594   -6.937643051147461   61.90141296386719   42.005897521972656
288.02459716796875   -32.4673957824707   -32.46741485595703   -6.431481838226318   61.82583236694336   40.8800048828125
289.9872741699219   -30.017017364501953   -30.01702880859375   -5.909725189208984   61.689544677734375   39.771846771240234
291.792236328125   -27.44829559326172   -27.44829559326172   -5.37388277053833   61.49281692504883   38.68448257446289
293.4324645996094   -24.77135467529297   -24.77135467529297   -4.8254265785217285   61.23601531982422   37.620849609375
294.9015197753906   -21.996761322021484   -21.99677276611328   -4.265803813934326   60.919647216796875   36.58375930786133
296.19342041015625   -19.135438919067383   -19.135421752929688   -3.696429967880249   60.54418182373047   35.57598876953125
297.3033142089844   -16.198678970336914   -16.198684692382812   -3.11869740486145   60.11045837402344   34.60006332397461
298.2266540527344   -13.19804859161377   -13.198051452636719   -2.5339765548706055   59.619224548339844   33.65850067138672
298.95989990234375   -10.145387649536133   -10.1453857421875   -1.9436213970184326   59.071510314941406   32.75361633300781
299.5000915527344   -7.052728176116943   -7.0527191162109375   -1.3489707708358765   58.468414306640625   31.887624740600586
299.84515380859375   -3.9322621822357178   -3.932281494140625   -0.751351535320282   57.81119918823242   31.062606811523438